0 0 0 0 7 0 0 0 0 0 0 0 0 E 0 2
7 0 B 0 0 0 0 0 A 0 2 D 0 F 0 5
1 0 G E 3 B 2 0 5 0 0 0 0 0 0 D
0 2 0 5 0 0 0 0 0 0 7 0 0 8 B 0
2 0 0 0 0 0 G 0 0 6 0 0 0 0 0 0
0 B 1 C E 0 0 0 8 0 5 7 0 A 0 0
F 0 0 G 0 0 0 0 1 0 9 2 0 0 6 4
0 0 5 0 2 0 0 7 0 0 0 4 8 1 0 B
0 0 4 0 0 0 0 8 0 A 0 B C 0 0 1
0 0 8 6 0 E 0 3 D 0 0 0 0 9 0 0
0 0 D F B G 5 4 0 0 3 0 0 0 0 A
0 G 0 9 C 0 0 0 0 0 0 6 B 0 8 0
0 0 0 D 6 0 0 0 0 1 F G 0 0 7 0
E 0 0 A 0 C B 0 9 0 0 0 0 5 0 0
0 0 3 0 5 0 0 0 0 B 0 0 D 0 E 0
0 0 0 0 0 1 0 G 3 E C 0 A 0 0 0
